Camera 2 to Cam D extrinsics:
[[ 8.6788809e-01  9.8139048e-03  4.9666262e-01  6.7541480e-02]
 [-1.4526784e-02  9.9987859e-01  5.6272931e-03 -6.4551830e-05]
 [-4.9654716e-01 -1.2098692e-02  8.6792535e-01 -3.6870360e-02]
 [ 0.0000000e+00  0.0000000e+00  0.0000000e+00  1.0000000e+00]]
Camera 2 extrinsics:
[[ 8.67888272e-01  9.81358252e-03  4.96662498e-01  6.75415802e-02]
 [-1.45265944e-02  9.99878645e-01  5.62770339e-03 -6.43264875e-05]
 [-4.96546984e-01 -1.20990323e-02  8.67925525e-01 -3.68700385e-02]
 [ 0.00000000e+00  0.00000000e+00  0.00000000e+00  1.00000000e+00]]

Camera 1 to Cam D extrinsics:
[[ 8.7033117e-01  4.0181875e-03 -4.9245059e-01 -6.8741560e-02]
 [-6.2601008e-03  9.9997616e-01 -2.9044151e-03 -2.0045042e-04]
 [ 4.9242711e-01  5.6106225e-03  8.7033552e-01 -3.5916626e-02]
 [ 0.0000000e+00  0.0000000e+00  0.0000000e+00  1.0000000e+00]]
Camera 1 extrinsics:
[[ 8.70331228e-01  4.01794165e-03 -4.92450476e-01 -6.87413120e-02]
 [-6.26010913e-03  9.99976158e-01 -2.90490570e-03 -2.00530998e-04]
 [ 4.92427081e-01  5.61102387e-03  8.70335639e-01 -3.59163666e-02]
 [ 0.00000000e+00  0.00000000e+00  0.00000000e+00  1.00000000e+00]]

Camera 0 to Cam D extrinsics:
[[ 9.9998212e-01 -1.5424788e-03  5.7833642e-03  4.7326088e-05]
 [-4.9170405e-03  3.3924627e-01  9.4068485e-01  9.5623881e-03]
 [-3.4130216e-03 -9.4069636e-01  3.3923262e-01 -2.2940278e-02]
 [ 0.0000000e+00  0.0000000e+00  0.0000000e+00  1.0000000e+00]]
Camera 0 extrinsics:
[[ 9.99982059e-01 -1.54253817e-03  5.78331668e-03  4.71399538e-05]
 [-4.91706561e-03  3.39246243e-01  9.40684736e-01  9.56239402e-03]
 [-3.41301039e-03 -9.40696359e-01  3.39232564e-01 -2.29402971e-02]
 [ 0.00000000e+00  0.00000000e+00  0.00000000e+00  1.00000000e+00]]

